10100000
10110001
10000010
10010011
11100100
11110101
11000110
11010111
00101000
00111001
00001010
00011011
01101100
01111101
01001110
01011111
10110000
10100001
10010010
10000011
11110100
11100101
11010110
11000111
00111000
00101001
00011010
00001011
01111100
01101101
01011110
01001111
10000000
10010001
10100010
10110011
11000100
11010101
11100110
11110111
00001000
00011001
00101010
00111011
01001100
01011101
01101110
01111111
10010000
10000001
10110010
10100011
11010100
11000101
11110110
11100111
00011000
00001001
00111010
00101011
01011100
01001101
01111110
01101111
11100000
11110001
11000010
11010011
10100100
10110101
10000110
10010111
01101000
01111001
01001010
01011011
00101100
00111101
00001110
00011111
11110000
11100001
11010010
11000011
10110100
10100101
10010110
10000111
01111000
01101001
01011010
01001011
00111100
00101101
00011110
00001111
11000000
11010001
11100010
11110011
10000100
10010101
10100110
10110111
01001000
01011001
01101010
01111011
00001100
00011101
00101110
00111111
11010000
11000001
11110010
11100011
10010100
10000101
10110110
10100111
01011000
01001001
01111010
01101011
00011100
00001101
00111110
00101111
00100000
00110001
00000010
00010011
01100100
01110101
01000110
01010111
10101000
10111001
10001010
10011011
11101100
11111101
11001110
11011111
00110000
00100001
00010010
00000011
01110100
01100101
01010110
01000111
10111000
10101001
10011010
10001011
11111100
11101101
11011110
11001111
00000000
00010001
00100010
00110011
01000100
01010101
01100110
01110111
10001000
10011001
10101010
10111011
11001100
11011101
11101110
11111111
00010000
00000001
00110010
00100011
01010100
01000101
01110110
01100111
10011000
10001001
10111010
10101011
11011100
11001101
11111110
11101111
01100000
01110001
01000010
01010011
00100100
00110101
00000110
00010111
11101000
11111001
11001010
11011011
10101100
10111101
10001110
10011111
01110000
01100001
01010010
01000011
00110100
00100101
00010110
00000111
11111000
11101001
11011010
11001011
10111100
10101101
10011110
10001111
01000000
01010001
01100010
01110011
00000100
00010101
00100110
00110111
11001000
11011001
11101010
11111011
10001100
10011101
10101110
10111111
01010000
01000001
01110010
01100011
00010100
00000101
00110110
00100111
11011000
11001001
11111010
11101011
10011100
10001101
10111110
10101111
10100000

