00000000 10100000
00000001 10110001
00000010 10000010
00000011 10010011
00000100 11100100
00000101 11110101
00000110 11000110
00000111 11010111
00001000 00101000
00001001 00111001
00001010 00001010
00001011 00011011
00001100 01101100
00001101 01111101
00001110 01001110
00001111 01011111
00010000 10110000
00010001 10100001
00010010 10010010
00010011 10000011
00010100 11110100
00010101 11100101
00010110 11010110
00010111 11000111
00011000 00111000
00011001 00101001
00011010 00011010
00011011 00001011
00011100 01111100
00011101 01101101
00011110 01011110
00011111 01001111
00100000 10000000
00100001 10010001
00100010 10100010
00100011 10110011
00100100 11000100
00100101 11010101
00100110 11100110
00100111 11110111
00101000 00001000
00101001 00011001
00101010 00101010
00101011 00111011
00101100 01001100
00101101 01011101
00101110 01101110
00101111 01111111
00110000 10010000
00110001 10000001
00110010 10110010
00110011 10100011
00110100 11010100
00110101 11000101
00110110 11110110
00110111 11100111
00111000 00011000
00111001 00001001
00111010 00111010
00111011 00101011
00111100 01011100
00111101 01001101
00111110 01111110
00111111 01101111
01000000 11100000
01000001 11110001
01000010 11000010
01000011 11010011
01000100 10100100
01000101 10110101
01000110 10000110
01000111 10010111
01001000 01101000
01001001 01111001
01001010 01001010
01001011 01011011
01001100 00101100
01001101 00111101
01001110 00001110
01001111 00011111
01010000 11110000
01010001 11100001
01010010 11010010
01010011 11000011
01010100 10110100
01010101 10100101
01010110 10010110
01010111 10000111
01011000 01111000
01011001 01101001
01011010 01011010
01011011 01001011
01011100 00111100
01011101 00101101
01011110 00011110
01011111 00001111
01100000 11000000
01100001 11010001
01100010 11100010
01100011 11110011
01100100 10000100
01100101 10010101
01100110 10100110
01100111 10110111
01101000 01001000
01101001 01011001
01101010 01101010
01101011 01111011
01101100 00001100
01101101 00011101
01101110 00101110
01101111 00111111
01110000 11010000
01110001 11000001
01110010 11110010
01110011 11100011
01110100 10010100
01110101 10000101
01110110 10110110
01110111 10100111
01111000 01011000
01111001 01001001
01111010 01111010
01111011 01101011
01111100 00011100
01111101 00001101
01111110 00111110
01111111 00101111
10000000 00100000
10000001 00110001
10000010 00000010
10000011 00010011
10000100 01100100
10000101 01110101
10000110 01000110
10000111 01010111
10001000 10101000
10001001 10111001
10001010 10001010
10001011 10011011
10001100 11101100
10001101 11111101
10001110 11001110
10001111 11011111
10010000 00110000
10010001 00100001
10010010 00010010
10010011 00000011
10010100 01110100
10010101 01100101
10010110 01010110
10010111 01000111
10011000 10111000
10011001 10101001
10011010 10011010
10011011 10001011
10011100 11111100
10011101 11101101
10011110 11011110
10011111 11001111
10100000 00000000
10100001 00010001
10100010 00100010
10100011 00110011
10100100 01000100
10100101 01010101
10100110 01100110
10100111 01110111
10101000 10001000
10101001 10011001
10101010 10101010
10101011 10111011
10101100 11001100
10101101 11011101
10101110 11101110
10101111 11111111
10110000 00010000
10110001 00000001
10110010 00110010
10110011 00100011
10110100 01010100
10110101 01000101
10110110 01110110
10110111 01100111
10111000 10011000
10111001 10001001
10111010 10111010
10111011 10101011
10111100 11011100
10111101 11001101
10111110 11111110
10111111 11101111
11000000 01100000
11000001 01110001
11000010 01000010
11000011 01010011
11000100 00100100
11000101 00110101
11000110 00000110
11000111 00010111
11001000 11101000
11001001 11111001
11001010 11001010
11001011 11011011
11001100 10101100
11001101 10111101
11001110 10001110
11001111 10011111
11010000 01110000
11010001 01100001
11010010 01010010
11010011 01000011
11010100 00110100
11010101 00100101
11010110 00010110
11010111 00000111
11011000 11111000
11011001 11101001
11011010 11011010
11011011 11001011
11011100 10111100
11011101 10101101
11011110 10011110
11011111 10001111
11100000 01000000
11100001 01010001
11100010 01100010
11100011 01110011
11100100 00000100
11100101 00010101
11100110 00100110
11100111 00110111
11101000 11001000
11101001 11011001
11101010 11101010
11101011 11111011
11101100 10001100
11101101 10011101
11101110 10101110
11101111 10111111
11110000 01010000
11110001 01000001
11110010 01110010
11110011 01100011
11110100 00010100
11110101 00000101
11110110 00110110
11110111 00100111
11111000 11011000
11111001 11001001
11111010 11111010
11111011 11101011
11111100 10011100
11111101 10001101
11111110 10111110
11111111 10101111