0.22723593042853210133280583704618038609623908996582
1.82100730411286693133376957121072337031364440917969
1.25986298948946351394795328815234825015068054199219
0.72731925187241630581524987064767628908157348632812
0.19391089246451675975890793779399245977401733398438
0.26582492855426725908429830269597005099058151245117
0.24322636052771959280782709811319364234805107116699
0.16148953363345019962338255936629138886928558349609
0.11111406000255538706333879872545367106795310974121
0.07382633252760137376746740756061626598238945007324
0.03256784591730902539419290064870438072830438613892
0.00775267091726689235031688696153651108033955097198
0.02594912418405291229528408791793481213971972465515
0.01231613425153593732730428200738970190286636352539
0.00934351019607524910237650317412771983072161674500
0.00875072285583041939438508904913760488852858543396
0.00505380577036987702066461736194469267502427101135
0.00414939277875371343579091742981290735770016908646
0.00412110063517079697192890819223975995555520057678
0.00057737443854593954468273908631203994445968419313
0.00271491586921508796376167893527053820434957742691
0.00146895915063653334509119474660110427066683769226
0.00049560788333349143578582252089859139232430607080
0.00130575184168716306939983518020653718849644064903
0.00090724018426567749895372827495521050877869129181
0.00009766177426427020990575000869426958161056973040
0.00046296267808479575492711100004328272916609421372
0.00057776785782821782865015247665496644913218915462
0.00037818581892940986545828541132152622594730928540
0.00008587522034142694850149257757010445857304148376
0.00013860420088616367748080016042422357713803648949
0.00023558921859581690035588541487499014692730270326
0.00022066812209493776595140013263574019219959154725
0.00014211770942576152526072574833193584709079004824
0.00004822585450126553571802492936804185319488169625
0.00002856771032919596506782951295111416811778326519
0.00007425453279856812031228807668981062306556850672
0.00008884653963847882317955706454881692479830235243
0.00008006335651720349077566096784863702850998379290
0.00005797459601201424884715091012665766356803942472
0.00003159503641002175142269564611652299390698317438
0.00000733467516334371840694070221466915882047032937
0.00001124011867640320012581584691035985201779112685
0.00002292474402611901777480039876788708852473064326
0.00002813085236660413406733008412352603500039549544
0.00002816010922854843856488228637235948781381011941
0.00002463285945216853241204572888545243358748848550
0.00001910766750781789502099290711800705366840702482
0.00001287249335935456475690438771231072223599767312
0.00000686548298787670363188930314213287431357457535
0.00000168035769859216105839752174871959411461830314
0.00000238173510502406354018842607467298932988342131
0.00000524180764816151239734749039955730154360935558
0.00000697198968555881143068300720422314498136984184
0.00000773373449412702036308980835244142326700966805
0.00000772940076899146931064220333862380130085512064
0.00000716768556515603537501648417906707777547126170
0.00000624136493302671693388138443592261239700746955
0.00000511492210960540280849677061136837608046334935
0.00000391948523105822908656203917843185990932397544
0.00000275273750023572503586952869847337410647014622
0.00000168188274064959847065850104264050912661332404
0.00000074821087517022995708551071081249261851553456
0.00000002776544603193542913325987783659115626377911
0.00000064127544551979561465618155657875121278266306
0.00000109875200519411478781626155531991884117815061
0.00000141398558211278681659092432837399044842641160
0.00000160502818708039291035658512052375357370692655
0.00000169181888837499647518550997121744572382340266
0.00000169445340830520779213774328758601583899690013
0.00000163199788503050065704774122116171852781008056
0.00000152174182830435723529983235019491516482048610
0.00000137879091889061567261464107819746160998874984
0.00000121591171109258779466566133264926463652955135
0.00000104355417467019157679291446738645277036994230
0.00000086999220070609345111455838056579992212391517
0.00000070153544181508212322336340283079891833040165
0.00000054277748562103775696070914399959939089512773
0.00000039685512905336400922050115423755922705595367
0.00000026570142115289741098542669953119776948824438
0.00000015028132410179750970606149355901504094390475
0.00000005080352931940979308528618958035183439392313
0.00000003309460728502245416695964289749420927932988
0.00000010218962969901213453574725844447135258974413
0.00000015754104788072710337136288997333943839862513
0.00000020038489684850447902165408546604208339658726
0.00000023204922234612016171870197377147260198171352
0.00000025388868873506002006855712324617790898173553
0.00000026723549345888386986560712396676642299553350
0.00000027336390327690198312693891855018613057382026
0.00000027346594879134046981929585112824909742812451
0.00000026863608045886169924812230357102915689893052
0.00000025986287228931817301855471298577260341744477
0.00000024802614123160539224885305122081380346799051
0.00000023389811283323070788347467375417609858345713
0.00000021814750712394473041873233475074211895616827
0.00000020134563184086574667734442171257436271503138
0.00000018397375668968153434584410395313813779694101
0.00000016643120227257669273241780585892435340156226
0.00000014904370923360943455753869525681754026891213
