0.01000000000000000020816681711721685132943093776703 0.86231887228000003720040922416956163942813873291016
0.01089999999999999996669330926124530378729104995728 0.61384636872426268094926626872620545327663421630859
0.01179999999999999972521980140527375624515116214752 -1.18570228370782171367636692593805491924285888671875
0.01269999999999999948374629354930220870301127433777 -2.45423419165286826881811066414229571819305419921875
0.01359999999999999924227278569333066116087138652802 -2.31709546241367014829393156105652451515197753906250
0.01449999999999999900079927783735911361873149871826 -0.67287269616246758729971588763874024152755737304688
0.01539999999999999875932576998138756607659161090851 -1.97568131187310758178909964044578373432159423828125
0.01629999999999999851785226212541601853445172309875 -1.61835777939115610379872123303357511758804321289062
0.01720000000000000001110223024625156540423631668091 -1.55787012716932249389856224297545850276947021484375
0.01810000000000000150435219836708711227402091026306 -1.38464610051409797719657035486306995153427124023438
0.01900000000000000299760216648792265914380550384521 -2.29536034696054169756962437531910836696624755859375
0.01990000000000000449085213460875820601359009742737 -0.60742946356927629558697390166344121098518371582031
0.02080000000000000598410210272959375288337469100952 -2.19991905539906174027464658138342201709747314453125
0.02170000000000000747735207085042929975315928459167 -2.09863858347298037898553957347758114337921142578125
0.02260000000000000897060203897126484662294387817383 -0.63882986775227412756805733806686475872993469238281
0.02350000000000001046385200709210039349272847175598 -1.47333891813785000657333057461073622107505798339844
0.02440000000000001195710197521293594036251306533813 -2.59615422953755725643532059621065855026245117187500
0.02530000000000001345035194333377148723229765892029 -1.85359901719775743700324710516724735498428344726562
0.02620000000000001494360191145460703410208225250244 -0.71229326606069087723938082490349188446998596191406
0.02710000000000001643685187957544258097186684608459 -0.91115536507463823490127197146648541092872619628906
0.02800000000000001793010184769627812784165143966675 -2.01076454462650833221459834021516144275665283203125
0.02890000000000001942335181581711367471143603324890 -2.60476915718845836167361085244920104742050170898438
0.02980000000000002091660178393794922158122062683105 -2.14406239446182844687882607104256749153137207031250
0.03070000000000002240985175205878476845100522041321 -1.20279457474704143393751110124867409467697143554688
0.03160000000000002390310172017962031532078981399536 -0.63209896512114049915709301785682328045368194580078
0.03250000000000002192690473634684167336672544479370 -0.80872315528247495919345055881422013044357299804688
0.03340000000000001995070775251406303141266107559204 -1.51210342759973759285685446229763329029083251953125
0.03430000000000001797451076868128438945859670639038 -2.24351860774736966419595773913897573947906494140625
0.03520000000000001599831378484850574750453233718872 -2.59686177564244768944945462862960994243621826171875
0.03610000000000001402211680101572710555046796798706 -2.44553688062650653733953731716610491275787353515625
0.03700000000000001204591981718294846359640359878540 -1.92330411596296446674614344374276697635650634765625
0.03790000000000001006972283335016982164233922958374 -1.29258978022815496089492626197170466184616088867188
0.03880000000000000809352584951739117968827486038208 -0.80396375684003618111717059946386143565177917480469
0.03970000000000000611732886568461253773421049118042 -0.60758955002476133788746892605558969080448150634766
0.04060000000000000414113188185183389578014612197876 -0.72963430765755599161082045611692592501640319824219
0.04150000000000000216493489801905525382608175277710 -1.09685466953074928220246420096373185515403747558594
0.04240000000000000018873791418627661187201738357544 -1.58323126279655990167327672679675742983818054199219
0.04329999999999999821254093035349796991795301437378 -2.05655645844294587831768694741185754537582397460938
0.04419999999999999623634394652071932796388864517212 -2.41211634282022657771449303254485130310058593750000
0.04509999999999999426014696268794068600982427597046 -2.58946762162926447103927785065025091171264648437500
0.04599999999999999228394997885516204405575990676880 -2.57429936363040301472437931806780397891998291015625
0.04689999999999999030775299502238340210169553756714 -2.39018119291210240362488548271358013153076171875000
0.04779999999999998833155601118960476014763116836548 -2.08540315466600389981977059505879878997802734375000
0.04869999999999998635535902735682611819356679916382 -1.71914129140852156574226228258339688181877136230469
0.04959999999999998437916204352404747623950242996216 -1.34970482876850894626841181889176368713378906250000
0.05049999999999998240296505969126883428543806076050 -1.02619725033911124434382600156823173165321350097656
0.05139999999999998042676807585849019233137369155884 -0.78382950178396937346292361326050013303756713867188
0.05229999999999997845057109202571155037730932235718 -0.64243026293123051129185796526144258677959442138672
0.05319999999999997647437410819293290842324495315552 -0.60736055985072701091098679171409457921981811523438
0.05409999999999997449817712436015426646918058395386 -0.67196448292704613614034769852878525853157043457031
0.05499999999999997252198014052737562451511621475220 -0.82077545085528424984033790678950026631355285644531
0.05589999999999997054578315669459698256105184555054 -1.03286560493218360079481499269604682922363281250000
0.05679999999999996856958617286181834060698747634888 -1.28491545818432317815904752933420240879058837890625
0.05769999999999996659338918902903969865292310714722 -1.55375553943100896958640078082680702209472656250000
0.05859999999999996461719220519626105669885873794556 -1.81827329923370584197073185350745916366577148437500
0.05949999999999996264099522136348241474479436874390 -2.06068147119083899809766080579720437526702880859375
0.06039999999999996066479823753070377279072999954224 -2.26721060847118449643744497734587639570236206054688
0.06129999999999995868860125369792513083666563034058 -2.42832475304313444297577007091604173183441162109375
0.06219999999999995671240426986514648888260126113892 -2.53857256863164515436892543220892548561096191406250
0.06309999999999996167510118993959622457623481750488 -2.59618394328625656797271403775084763765335083007812
0.06399999999999995969890420610681758262217044830322 -2.60251014084434295625669619766995310783386230468750
0.06489999999999995772270722227403894066810607910156 -2.56138878782481205220733500027563422918319702148438
0.06579999999999995574651023844126029871404170989990 -2.47849671294275353261582495179027318954467773437500
0.06669999999999995377031325460848165675997734069824 -2.36073613183399233506065684196073561906814575195312
0.06759999999999995179411627077570301480591297149658 -2.21568418285881474361076470813713967800140380859375
0.06849999999999994981791928694292437285184860229492 -2.05112297905570173384148802142590284347534179687500
0.06939999999999994784172230311014573089778423309326 -1.87465728434109224487258416047552600502967834472656
0.07029999999999994586552531927736708894371986389160 -1.69341949076216580216680540615925565361976623535156
0.07119999999999994388932833544458844698965549468994 -1.51385644542152442149074431654298678040504455566406
0.07209999999999994191313135161180980503559112548828 -1.34158945691268138844520763086620718240737915039062
0.07299999999999993993693436777903116308152675628662 -1.18133709876898307378212393814465031027793884277344
0.07389999999999993796073738394625252112746238708496 -1.03688984686121532519109678105451166629791259765625
0.07479999999999993598454040011347387917339801788330 -0.91112581240170231744457396416692063212394714355469
0.07569999999999993400834341628069523721933364868164 -0.80605759172656432642867230242700316011905670166016
0.07659999999999993203214643244791659526526927947998 -0.72290133381176979732174459059024229645729064941406
0.07749999999999993005594944861513795331120491027832 -0.66216036341322070946091571386205032467842102050781
0.07839999999999992807975246478235931135714054107666 -0.62371697320733909819523432815913110971450805664062
0.07929999999999992610355548094958066940307617187500 -0.60692723059452313716377602759166620671749114990234
0.08019999999999992412735849711680202744901180267334 -0.61071478148903879379361114843050017952919006347656
0.08109999999999992215116151328402338549494743347168 -0.63366064453002568512829384417273104190826416015625
0.08199999999999992017496452945124474354088306427002 -0.67408686140159612687483559057000093162059783935547
0.08289999999999991819876754561846610158681869506836 -0.73013260079459796347833844265551306307315826416016
0.08379999999999991622257056178568745963275432586670 -0.79982191130615076790633111158967949450016021728516
0.08469999999999991424637357795290881767868995666504 -0.88112279346672228719228314730571582913398742675781
0.08559999999999991227017659412013017572462558746338 -0.97199762696480396240161780951893888413906097412109
0.08649999999999991029397961028735153377056121826172 -1.07044526089423430725844355038134381175041198730469
0.08739999999999990831778262645457289181649684906006 -1.17453526728380075461188880581175908446311950683594
0.08829999999999990634158564262179424986243247985840 -1.28243498527708887912979207612806931138038635253906
0.08919999999999990436538865878901560790836811065674 -1.39243005786067253204407734301639720797538757324219
0.09009999999999990238919167495623696595430374145508 -1.50293919627052252607768423331435769796371459960938
0.09099999999999990041299469112345832400023937225342 -1.61252390888056473805534096754854544997215270996094
0.09189999999999989843679770729067968204617500305176 -1.71989390972572131488504965091124176979064941406250
0.09279999999999989646060072345790104009211063385010 -1.82390888365358749823030848347116261720657348632812
0.09369999999999989448440373962512239813804626464844 -1.92357723597311824903499655192717909812927246093750
0.09459999999999989250820675579234375618398189544678 -2.01805239878472209014148575079161673784255981445312
0.09549999999999989053200977195956511422991752624512 -2.10662720736836250878809551068115979433059692382812
0.09639999999999988855581278812678647227585315704346 -2.18872680068353320237406478554476052522659301757812
0.09729999999999988657961580429400783032178878784180 -2.26390044211957608411012188298627734184265136718750
0.09819999999999988460341882046122918836772441864014 -2.33181260148758839889637783926445990800857543945312
0.09909999999999988262722183662845054641366004943848 -2.39223358777573480438149999827146530151367187500000
0.09999999999999988065102485279567190445959568023682 -2.44502997495148788331675859808456152677536010742188
